Run semi-empirical minimization
 &qmmm
    qm_theory='AM1', grms_tol=0.0005,
 scfconv=1.d-10, ndiis_attempts=700,   qmcharge=-1,
 /
   7    N1        3.5570        2.0650       -2.0360 
   6    C1        4.6720        2.5460       -2.5100 
   7    N2        5.7440        1.7530       -2.8550 
   7    N3        4.8450        3.9030       -2.6780 
   6    C2        3.8910        4.8210       -2.3260 
   8    O1        4.0570        6.0360       -2.3040 
   6    C3        2.6080        4.2460       -1.8890 
   7    N4        1.4950        5.1470       -1.5800 
   6    C4        0.3400        4.6740       -1.2840 
   6    C5        0.1030        3.2060       -1.1820 
   7    N5        1.3090        2.4070       -1.2840 
   6    C6        2.5170        2.9130       -1.7500 
   6    C7       -0.8040        5.6110       -1.0790 
   7    N6       -0.4690        6.9950       -1.3580 
   6    C8       -0.4740        8.1840       -5.3970 
   6    C9       -0.3730        9.1310       -4.3800 
   6   C10       -0.4000        8.7220       -3.0460 
   6   C11       -0.5670        7.3750       -2.7110 
   6   C12       -0.7290        6.4440       -3.7420 
   6   C13       -0.6680        6.8400       -5.0780 
   6   C14       -0.4030        8.6260       -6.8060 
   8    O2       -0.7560        9.7620       -7.0920 
   7    N7        0.0940        7.6700       -7.6440 
   6    CA       -0.0140        7.6760       -9.1050 
   6    CB        1.3510        7.4350       -9.7310 
   6    CG        1.8900        8.6310      -10.5020 
   6    CD        2.9460        8.1760      -11.5100 
   8   OE1        2.7230        7.0900      -12.1100 
   8   OE2        3.9360        8.9570      -11.6380 
   6   C15       -0.8710        6.4720       -9.5840 
   8    O3       -0.7550        5.3980       -8.9100 
   8   OXT       -1.6650        6.7150      -10.5390 
   1    H1        6.6040        2.1820       -3.2260 
   1    H2        5.6850        0.7310       -2.7420 
   1    H3        5.7290        4.2410       -3.0850 
   1    H4        1.6400        6.1670       -1.6020 
   1    H5       -0.3690        2.9980       -0.2110 
   1    H6       -0.5370        2.9270       -2.0320 
   1    H7        1.2690        1.4190       -0.9980 
   1    H8       -1.6260        5.3100       -1.7440 
   1    H9       -1.0870        5.5530       -0.0170 
   1   H10       -0.1810        7.6530       -0.6200 
   1   H11       -0.2730       10.1980       -4.6280 
   1   H12       -0.2890        9.4700       -2.2470 
   1   H13       -0.9080        5.3870       -3.4960 
   1   H14       -0.7720        6.0930       -5.8790 
   1   H15        0.5870        6.8760       -7.2120 
   1    HA       -0.4470        8.6450       -9.3920 
   1   HB1        2.0630        7.1890       -8.9290 
   1   HB2        1.2330        6.6140      -10.4540 
   1   HG1        1.0640        9.1220      -11.0370 
   1   HG2        2.3500        9.3370       -9.7940 

