Run semi-empirical minimization
 &qmmm
    qm_theory='AM1', grms_tol=0.0005,
 scfconv=1.d-10, ndiis_attempts=700,   qmcharge=-3,
 /
  15    P1       -6.0240        4.0750        6.9100 
   8    O1       -5.8140        2.6010        7.1620 
   8    O2       -5.6410        4.7020        5.5850 
   8    O3       -7.6280        4.3430        7.0620 
   6    C1       -8.2110        3.7770        8.2210 
   6    C2       -9.7170        3.8050        8.0780 
   8    O4      -10.1970        2.7410        7.2280 
   6    C3      -10.4240        3.5890        9.3930 
   8    O5      -10.3570        4.7130       10.2420 
   6    C4      -11.8190        3.2400        8.9310 
   8    O6      -12.4760        4.3940        8.4030 
   6    C5      -11.4900        2.3470        7.7370 
   7    N1      -11.4310        0.9400        8.0870 
   6    C6      -10.3130        0.2130        8.4280 
   7    N2      -10.6070       -1.0440        8.7350 
   6    C7      -11.9630       -1.1310        8.5560 
   6    C8      -12.8860       -2.2540        8.8540 
   7    N3      -12.3290       -3.5580        8.5630 
   7    N4      -14.2910       -2.0460        8.4110 
   6    C9      -14.5820       -0.8400        8.0270 
   7    N5      -13.7710        0.2800        7.8830 
   6   C10      -12.4660        0.0690        8.1350 
   8    O7       -5.5230        4.9870        8.1270 
  15    P2       -4.0870        5.1650        8.8050 
   8    O8       -3.7540        4.0200        9.7330 
   8    O9       -3.9860        6.5800        9.3570 
   8   O10       -3.0910        5.1040        7.5260 
   6   C11       -3.0080        6.3120        6.7920 
   6   C12       -1.5850        6.8440        6.9280 
   8   O11       -0.6500        5.9530        6.2710 
   6   C13       -1.4550        8.1970        6.2440 
   8   O12       -0.3650        8.9060        6.8420 
   6   C14       -1.0740        7.7850        4.8400 
   8   O13       -0.3980        8.8190        4.1340 
   6   C15       -0.1590        6.6160        5.1120 
   7    N6       -0.0160        5.7150        3.9790 
   6   C16        1.2560        5.3580        3.5600 
   6   C17        1.4800        4.4000        2.6460 
   6   C18        2.8410        4.0490        2.1920 
   8   O14        3.0330        3.1930        1.3310 
   7    N7        3.8490        4.7640        2.7920 
   6   C19        0.3400        3.6350        2.0420 
   6   C20       -1.0060        4.0630        2.5470 
   6   C21       -1.1140        5.0290        3.4710 
  15    P3      -13.8840        4.7620        9.1130 
   8   O15      -14.6420        5.6960        8.2020 
   8   O16      -14.4850        3.4580        9.5910 
   8   O17      -13.3210        5.6100       10.3840 
   1    H1       -7.8710        2.7380        8.3350 
   1    H2       -7.9120        4.3550        9.1080 
   1    H3       -9.9330        4.7990        7.6590 
   1    H4       -9.9750        2.8090       10.0250 
   1    H5      -10.3750        4.4150       11.1860 
   1    H6      -12.4550        2.8160        9.7220 
   1    H7      -12.2890        2.4720        6.9920 
   1    H8       -9.2940        0.6260        8.4440 
   1    H9      -12.9860       -2.2460        9.9500 
   1   H10      -12.1200       -4.0460        9.4450 
   1   H11      -13.0080       -4.1080        8.0190 
   1   H12      -15.6410       -0.6790        7.7740 
   1   H13      -14.1410        1.2000        7.6040 
   1   H14       -3.7220        7.0450        7.1960 
   1   H15       -3.2530        6.1360        5.7340 
   1   H16       -1.3670        6.9240        8.0040 
   1   H17       -2.3470        8.8380        6.3020 
   1   H18       -0.4410        8.8570        7.8280 
   1   H19       -1.9380        7.5520        4.2010 
   1   H20        0.0120        9.4460        4.7800 
   1   H21        0.8610        6.9870        5.2850 
   1   H22        2.1190        5.8830        3.9940 
   1   H23        4.8300        4.5850        2.5360 
   1   H24        3.6230        5.4790        3.4980 
   1   H25        0.4750        2.5680        2.2750 
   1   H26        0.3560        3.8320        0.9600 
   1   H27       -1.9140        3.5800        2.1560 
   1   H28       -2.1150        5.2910        3.8440 
   1   H29      -13.6090        5.1750       11.2260 

